cfg: ./cfg/yolov3.cfg   weight: ./yolov3.weights   in_image_path: ./in_images/   out_image_path: ./out_images/
8
[(b'sports ball', 0.9997698664665222, (177.5168914794922, 308.9912414550781, 43.31592559814453, 42.93521499633789)), (b'person', 0.9995056390762329, (330.5953369140625, 177.219970703125, 193.1596221923828, 291.3666076660156)), (b'person', 0.9722065329551697, (160.96763610839844, 172.60337829589844, 129.59002685546875, 243.11959838867188)), (b'person', 0.8924320340156555, (460.8822326660156, 185.61058044433594, 36.0218391418457, 198.73951721191406)), (b'person', 0.8492422103881836, (135.16470336914062, 29.206024169921875, 66.91065979003906, 67.18505859375)), (b'person', 0.7767098546028137, (30.085384368896484, 47.68710708618164, 42.237144470214844, 86.34900665283203)), (b'person', 0.7736004590988159, (70.70292663574219, 47.225433349609375, 62.41688537597656, 93.05699920654297)), (b'person', 0.6462340950965881, (472.7958068847656, 74.40602111816406, 14.551671028137207, 69.61638641357422))]
==============================================================================
4
[(b'person', 0.9999369382858276, (531.5738525390625, 253.3903045654297, 160.44891357421875, 330.5160217285156)), (b'person', 0.9996300935745239, (279.8040771484375, 217.6547393798828, 280.62225341796875, 302.50390625)), (b'person', 0.9620281457901001, (124.40325927734375, 244.44476318359375, 185.01141357421875, 336.98931884765625)), (b'person', 0.6968185305595398, (158.68577575683594, 200.07716369628906, 52.27406311035156, 203.2579803466797))]
==============================================================================
4
[(b'sports ball', 0.9999242424964905, (443.21881103515625, 1198.6845703125, 144.31356811523438, 141.5121307373047)), (b'person', 0.999694287776947, (874.992431640625, 801.0807495117188, 811.1472778320312, 1054.8302001953125)), (b'person', 0.998859167098999, (483.98736572265625, 741.8922119140625, 361.8284912109375, 538.2990112304688)), (b'person', 0.6313822269439697, (1264.9197998046875, 292.68304443359375, 96.49715423583984, 140.17356872558594))]
==============================================================================
4
[(b'person', 0.9997843503952026, (818.0252685546875, 370.378662109375, 354.3167724609375, 712.2814331054688)), (b'person', 0.9996349215507507, (992.357177734375, 365.5476379394531, 204.07814025878906, 648.5940551757812)), (b'person', 0.9995232820510864, (358.092041015625, 367.0596923828125, 274.2065124511719, 726.7841186523438)), (b'person', 0.9990631341934204, (247.37789916992188, 407.26751708984375, 132.85025024414062, 380.3344421386719))]
==============================================================================
3
[(b'person', 0.9999869465827942, (1255.52734375, 894.4388427734375, 1638.999755859375, 1601.02001953125)), (b'sports ball', 0.9996869564056396, (400.2542419433594, 246.7378387451172, 249.01380920410156, 239.721923828125)), (b'person', 0.9967594742774963, (437.9014587402344, 913.0472412109375, 422.619140625, 1025.307861328125))]
==============================================================================
5
[(b'sports ball', 0.9998255968093872, (593.5899658203125, 965.8587646484375, 144.3715057373047, 139.4589080810547)), (b'person', 0.9997254610061646, (937.3101806640625, 538.2760620117188, 677.003173828125, 1049.8990478515625)), (b'person', 0.9987770318984985, (1695.446044921875, 567.6744995117188, 451.4237060546875, 939.0236206054688)), (b'person', 0.9663525223731995, (1134.6385498046875, 464.0987548828125, 365.2892150878906, 968.477294921875)), (b'person', 0.8755812048912048, (1879.1314697265625, 460.3069763183594, 95.4607162475586, 699.8972778320312))]
==============================================================================
22
[(b'person', 0.9995425939559937, (960.97314453125, 1274.4404296875, 333.2417907714844, 642.9798583984375)), (b'person', 0.999470591545105, (2297.54638671875, 717.7020263671875, 191.48831176757812, 581.8695678710938)), (b'person', 0.9980327486991882, (3003.958740234375, 1369.5106201171875, 188.62181091308594, 696.4592895507812)), (b'person', 0.9976653456687927, (1971.5355224609375, 735.7788696289062, 209.7913055419922, 562.6498413085938)), (b'person', 0.9941445589065552, (1739.005859375, 1139.41796875, 560.6185302734375, 617.9959716796875)), (b'sports ball', 0.9933100342750549, (3069.576171875, 808.8091430664062, 64.34321594238281, 62.1688117980957)), (b'person', 0.9928057193756104, (1178.96533203125, 1859.8262939453125, 254.1297149658203, 651.8487548828125)), (b'person', 0.9921357035636902, (392.4144592285156, 175.53573608398438, 202.04412841796875, 263.2806396484375)), (b'sports ball', 0.9900628924369812, (3564.434814453125, 1629.4879150390625, 75.5206069946289, 70.83885192871094)), (b'person', 0.9863171577453613, (3239.09423828125, 1494.1876220703125, 230.76756286621094, 562.3018188476562)), (b'sports ball', 0.9807839393615723, (3344.33935546875, 1716.546142578125, 89.30292510986328, 79.88231658935547)), (b'sports ball', 0.9773064255714417, (2203.921630859375, 968.0498657226562, 72.76348114013672, 64.95389556884766)), (b'sports ball', 0.9226458072662354, (2906.784912109375, 1641.6817626953125, 79.53482818603516, 76.57100677490234)), (b'sports ball', 0.904306173324585, (2606.829345703125, 922.7859497070312, 67.75816345214844, 65.89750671386719)), (b'sports ball', 0.9022511839866638, (2916.9248046875, 927.3377075195312, 67.99205780029297, 68.67754364013672)), (b'sports ball', 0.8896428942680359, (2828.223876953125, 1405.3394775390625, 75.12763977050781, 77.12146759033203)), (b'sports ball', 0.8796593546867371, (3685.649658203125, 1661.1917724609375, 114.61934661865234, 125.95225524902344)), (b'sports ball', 0.8732049465179443, (2766.201904296875, 927.0313720703125, 69.68858337402344, 65.6319580078125)), (b'sports ball', 0.8363267779350281, (1293.4881591796875, 1378.4530029296875, 48.839073181152344, 34.85978317260742)), (b'sports ball', 0.8337172269821167, (1350.691650390625, 1439.58642578125, 48.90488815307617, 40.97200012207031)), (b'sports ball', 0.7215684056282043, (2912.718017578125, 1416.646484375, 78.4631576538086, 77.20634460449219)), (b'sports ball', 0.6840048432350159, (2687.0361328125, 933.840087890625, 69.71843719482422, 71.58256530761719))]
==============================================================================
